17/5/2022 0:33:11:36,44,4,47,24,2,9
17/5/2022 0:33:11:16,15,24,41,46,11,10
17/5/2022 0:33:49,15,34,2,46,5,5,4
17/5/2022 0:33:49,20,47,5,3,10,4,10
17/5/2022 0:33:49,38,19,39,33,32,7,2
17/5/2022 0:33:49,42,13,38,41,30,2,4
3/7/2022 14:58:28,3,28,1,14,13,6,4
3/7/2022 14:58:29,42,48,43,14,2,1,7
3/7/2022 14:58:30,25,41,32,42,48,8,5
3/7/2022 14:58:30,23,29,3,30,43,11,6
3/7/2022 14:58:37,39,13,44,25,20,10,7
3/7/2022 14:58:37,23,45,20,18,9,12,1
3/7/2022 14:58:37,14,6,31,33,22,1,7
3/7/2022 14:58:37,38,48,6,49,3,1,7
